sxx <- 42
sxy <- 95.15092
syy <- 292.4565
sse = 76.89232

# part a: beta hat
b_hat <- sxy / sxx
b_hat #=> 2.265498

# part b: alpha hat
